{"t": [0.0, 0.1111111111111111, 0.2222222222222222, 0.3333333333333333, 0.4444444444444444, 0.5555555555555556, 0.6666666666666666, 0.7777777777777777, 0.8888888888888888, 1.0], "x": [0.0, 0.5, 1.0, 1.5, 2.0, 2.5, 3.0, 3.5, 4.0, 4.5, 5.0, 5.5, 6.0, 6.5, 7.0, 7.5, 8.0, 8.5, 9.0, 9.5, 10.0], "y": [0.0, 0.5, 1.0, 1.5, 2.0, 2.5, 3.0, 3.5, 4.0, 4.5, 5.0, 5.5, 6.0, 6.5, 7.0, 7.5, 8.0, 8.5, 9.0, 9.5, 10.0], "fd": [[[0.0, 0.0, 0.0, -0.0, -0.0, 0.0, 0.0, -0.0, -0.0, 0.0, 0.0, -0.0, -0.0, 0.0, 0.0, -0.0, -0.0, 0.0, 0.0, -0.0, -0.0], [0.0, 1.0, 1.2246467991473532e-16, -1.0, -2.4492935982947064e-16, 1.0, 3.6739403974420594e-16, -1.0, -4.898587196589413e-16, 1.0, 6.123233995736766e-16, -1.0, -7.347880794884119e-16, 1.0, 8.572527594031472e-16, -1.0, -9.797174393178826e-16, 1.0, 1.102182119232618e-15, -1.0, -1.2246467991473533e-15], [0.0, 1.2246467991473532e-16, 1.4997597826618576e-32, -1.2246467991473532e-16, -2.999519565323715e-32, 1.2246467991473532e-16, 4.499279347985573e-32, -1.2246467991473532e-16, -5.99903913064743e-32, 1.2246467991473532e-16, 7.498798913309289e-32, -1.2246467991473532e-16, -8.998558695971146e-32, 1.2246467991473532e-16, 1.0498318478633003e-31, -1.2246467991473532e-16, -1.199807826129486e-31, 1.2246467991473532e-16, 1.3497838043956718e-31, -1.2246467991473532e-16, -1.4997597826618578e-31], [-0.0, -1.0, -1.2246467991473532e-16, 1.0, 2.4492935982947064e-16, -1.0, -3.6739403974420594e-16, 1.0, 4.898587196589413e-16, -1.0, -6.123233995736766e-16, 1.0, 7.347880794884119e-16, -1.0, -8.572527594031472e-16, 1.0, 9.797174393178826e-16, -1.0, -1.102182119232618e-15, 1.0, 1.2246467991473533e-15], [-0.0, -2.4492935982947064e-16, -2.999519565323715e-32, 2.4492935982947064e-16, 5.99903913064743e-32, -2.4492935982947064e-16, -8.998558695971146e-32, 2.4492935982947064e-16, 1.199807826129486e-31, -2.4492935982947064e-16, -1.4997597826618578e-31, 2.4492935982947064e-16, 1.7997117391942291e-31, -2.4492935982947064e-16, -2.0996636957266007e-31, 2.4492935982947064e-16, 2.399615652258972e-31, -2.4492935982947064e-16, -2.6995676087913437e-31, 2.4492935982947064e-16, 2.9995195653237157e-31], [0.0, 1.0, 1.2246467991473532e-16, -1.0, -2.4492935982947064e-16, 1.0, 3.6739403974420594e-16, -1.0, -4.898587196589413e-16, 1.0, 6.123233995736766e-16, -1.0, -7.347880794884119e-16, 1.0, 8.572527594031472e-16, -1.0, -9.797174393178826e-16, 1.0, 1.102182119232618e-15, -1.0, -1.2246467991473533e-15], [0.0, 3.6739403974420594e-16, 4.499279347985573e-32, -3.6739403974420594e-16, -8.998558695971146e-32, 3.6739403974420594e-16, 1.3497838043956716e-31, -3.6739403974420594e-16, -1.7997117391942291e-31, 3.6739403974420594e-16, 2.2496396739927866e-31, -3.6739403974420594e-16, -2.6995676087913433e-31, 3.6739403974420594e-16, 3.1494955435899008e-31, -3.6739403974420594e-16, -3.5994234783884583e-31, 3.6739403974420594e-16, 4.049351413187016e-31, -3.6739403974420594e-16, -4.499279347985573e-31], [-0.0, -1.0, -1.2246467991473532e-16, 1.0, 2.4492935982947064e-16, -1.0, -3.6739403974420594e-16, 1.0, 4.898587196589413e-16, -1.0, -6.123233995736766e-16, 1.0, 7.347880794884119e-16, -1.0, -8.572527594031472e-16, 1.0, 9.797174393178826e-16, -1.0, -1.102182119232618e-15, 1.0, 1.2246467991473533e-15], [-0.0, -4.898587196589413e-16, -5.99903913064743e-32, 4.898587196589413e-16, 1.199807826129486e-31, -4.898587196589413e-16, -1.7997117391942291e-31, 4.898587196589413e-16, 2.399615652258972e-31, -4.898587196589413e-16, -2.9995195653237157e-31, 4.898587196589413e-16, 3.5994234783884583e-31, -4.898587196589413e-16, -4.199327391453201e-31, 4.898587196589413e-16, 4.799231304517944e-31, -4.898587196589413e-16, -5.399135217582687e-31, 4.898587196589413e-16, 5.999039130647431e-31], [0.0, 1.0, 1.2246467991473532e-16, -1.0, -2.4492935982947064e-16, 1.0, 3.6739403974420594e-16, -1.0, -4.898587196589413e-16, 1.0, 6.123233995736766e-16, -1.0, -7.347880794884119e-16, 1.0, 8.572527594031472e-16, -1.0, -9.797174393178826e-16, 1.0, 1.102182119232618e-15, -1.0, -1.2246467991473533e-15], [0.0, 6.123233995736766e-16, 7.498798913309289e-32, -6.123233995736766e-16, -1.4997597826618578e-31, 6.123233995736766e-16, 2.2496396739927866e-31, -6.123233995736766e-16, -2.9995195653237157e-31, 6.123233995736766e-16, 3.7493994566546447e-31, -6.123233995736766e-16, -4.499279347985573e-31, 6.123233995736766e-16, 5.249159239316502e-31, -6.123233995736766e-16, -5.999039130647431e-31, 6.123233995736766e-16, 6.74891902197836e-31, -6.123233995736766e-16, -7.498798913309289e-31], [-0.0, -1.0, -1.2246467991473532e-16, 1.0, 2.4492935982947064e-16, -1.0, -3.6739403974420594e-16, 1.0, 4.898587196589413e-16, -1.0, -6.123233995736766e-16, 1.0, 7.347880794884119e-16, -1.0, -8.572527594031472e-16, 1.0, 9.797174393178826e-16, -1.0, -1.102182119232618e-15, 1.0, 1.2246467991473533e-15], [-0.0, -7.347880794884119e-16, -8.998558695971146e-32, 7.347880794884119e-16, 1.7997117391942291e-31, -7.347880794884119e-16, -2.6995676087913433e-31, 7.347880794884119e-16, 3.5994234783884583e-31, -7.347880794884119e-16, -4.499279347985573e-31, 7.347880794884119e-16, 5.3991352175826865e-31, -7.347880794884119e-16, -6.2989910871798015e-31, 7.347880794884119e-16, 7.1988469567769165e-31, -7.347880794884119e-16, -8.098702826374032e-31, 7.347880794884119e-16, 8.998558695971147e-31], [0.0, 1.0, 1.2246467991473532e-16, -1.0, -2.4492935982947064e-16, 1.0, 3.6739403974420594e-16, -1.0, -4.898587196589413e-16, 1.0, 6.123233995736766e-16, -1.0, -7.347880794884119e-16, 1.0, 8.572527594031472e-16, -1.0, -9.797174393178826e-16, 1.0, 1.102182119232618e-15, -1.0, -1.2246467991473533e-15], [0.0, 8.572527594031472e-16, 1.0498318478633003e-31, -8.572527594031472e-16, -2.0996636957266007e-31, 8.572527594031472e-16, 3.1494955435899008e-31, -8.572527594031472e-16, -4.199327391453201e-31, 8.572527594031472e-16, 5.249159239316502e-31, -8.572527594031472e-16, -6.2989910871798015e-31, 8.572527594031472e-16, 7.348822935043102e-31, -8.572527594031472e-16, -8.398654782906403e-31, 8.572527594031472e-16, 9.448486630769703e-31, -8.572527594031472e-16, -1.0498318478633004e-30], [-0.0, -1.0, -1.2246467991473532e-16, 1.0, 2.4492935982947064e-16, -1.0, -3.6739403974420594e-16, 1.0, 4.898587196589413e-16, -1.0, -6.123233995736766e-16, 1.0, 7.347880794884119e-16, -1.0, -8.572527594031472e-16, 1.0, 9.797174393178826e-16, -1.0, -1.102182119232618e-15, 1.0, 1.2246467991473533e-15], [-0.0, -9.797174393178826e-16, -1.199807826129486e-31, 9.797174393178826e-16, 2.399615652258972e-31, -9.797174393178826e-16, -3.5994234783884583e-31, 9.797174393178826e-16, 4.799231304517944e-31, -9.797174393178826e-16, -5.999039130647431e-31, 9.797174393178826e-16, 7.1988469567769165e-31, -9.797174393178826e-16, -8.398654782906403e-31, 9.797174393178826e-16, 9.598462609035889e-31, -9.797174393178826e-16, -1.0798270435165375e-30, 9.797174393178826e-16, 1.1998078261294863e-30], [0.0, 1.0, 1.2246467991473532e-16, -1.0, -2.4492935982947064e-16, 1.0, 3.6739403974420594e-16, -1.0, -4.898587196589413e-16, 1.0, 6.123233995736766e-16, -1.0, -7.347880794884119e-16, 1.0, 8.572527594031472e-16, -1.0, -9.797174393178826e-16, 1.0, 1.102182119232618e-15, -1.0, -1.2246467991473533e-15], [0.0, 1.102182119232618e-15, 1.3497838043956718e-31, -1.102182119232618e-15, -2.6995676087913437e-31, 1.102182119232618e-15, 4.049351413187016e-31, -1.102182119232618e-15, -5.399135217582687e-31, 1.102182119232618e-15, 6.74891902197836e-31, -1.102182119232618e-15, -8.098702826374032e-31, 1.102182119232618e-15, 9.448486630769703e-31, -1.102182119232618e-15, -1.0798270435165375e-30, 1.102182119232618e-15, 1.2148054239561048e-30, -1.102182119232618e-15, -1.349783804395672e-30], [-0.0, -1.0, -1.2246467991473532e-16, 1.0, 2.4492935982947064e-16, -1.0, -3.6739403974420594e-16, 1.0, 4.898587196589413e-16, -1.0, -6.123233995736766e-16, 1.0, 7.347880794884119e-16, -1.0, -8.572527594031472e-16, 1.0, 9.797174393178826e-16, -1.0, -1.102182119232618e-15, 1.0, 1.2246467991473533e-15], [-0.0, -1.2246467991473533e-15, -1.4997597826618578e-31, 1.2246467991473533e-15, 2.9995195653237157e-31, -1.2246467991473533e-15, -4.499279347985573e-31, 1.2246467991473533e-15, 5.999039130647431e-31, -1.2246467991473533e-15, -7.498798913309289e-31, 1.2246467991473533e-15, 8.998558695971147e-31, -1.2246467991473533e-15, -1.0498318478633004e-30, 1.2246467991473533e-15, 1.1998078261294863e-30, -1.2246467991473533e-15, -1.349783804395672e-30, 1.2246467991473533e-15, 1.4997597826618579e-30]], [[0.0, 0.0, 0.0, -0.0, -0.0, 0.0, 0.0, -0.0, -0.0, 0.0, 0.0, -0.0, -0.0, 0.0, 0.0, -0.0, -0.0, 0.0, 0.0, -0.0, -0.0], [0.0, 0.9396926207859084, 1.1507915602278503e-16, -0.9396926207859084, -2.3015831204557005e-16, 0.9396926207859084, 3.452374680683551e-16, -0.9396926207859084, -4.603166240911401e-16, 0.9396926207859084, 5.753957801139252e-16, -0.9396926207859084, -6.904749361367102e-16, 0.9396926207859084, 8.055540921594952e-16, -0.9396926207859084, -9.206332481822802e-16, 0.9396926207859084, 1.0357124042050652e-15, -0.9396926207859084, -1.1507915602278505e-15], [0.0, 1.1507915602278503e-16, 1.4093132007188254e-32, -1.1507915602278503e-16, -2.818626401437651e-32, 1.1507915602278503e-16, 4.227939602156476e-32, -1.1507915602278503e-16, -5.637252802875302e-32, 1.1507915602278503e-16, 7.046566003594129e-32, -1.1507915602278503e-16, -8.455879204312952e-32, 1.1507915602278503e-16, 9.865192405031779e-32, -1.1507915602278503e-16, -1.1274505605750603e-31, 1.1507915602278503e-16, 1.2683818806469428e-31, -1.1507915602278503e-16, -1.4093132007188257e-31], [-0.0, -0.9396926207859084, -1.1507915602278503e-16, 0.9396926207859084, 2.3015831204557005e-16, -0.9396926207859084, -3.452374680683551e-16, 0.9396926207859084, 4.603166240911401e-16, -0.9396926207859084, -5.753957801139252e-16, 0.9396926207859084, 6.904749361367102e-16, -0.9396926207859084, -8.055540921594952e-16, 0.9396926207859084, 9.206332481822802e-16, -0.9396926207859084, -1.0357124042050652e-15, 0.9396926207859084, 1.1507915602278505e-15], [-0.0, -2.3015831204557005e-16, -2.818626401437651e-32, 2.3015831204557005e-16, 5.637252802875302e-32, -2.3015831204557005e-16, -8.455879204312952e-32, 2.3015831204557005e-16, 1.1274505605750603e-31, -2.3015831204557005e-16, -1.4093132007188257e-31, 2.3015831204557005e-16, 1.6911758408625904e-31, -2.3015831204557005e-16, -1.9730384810063558e-31, 2.3015831204557005e-16, 2.2549011211501207e-31, -2.3015831204557005e-16, -2.5367637612938856e-31, 2.3015831204557005e-16, 2.8186264014376514e-31], [0.0, 0.9396926207859084, 1.1507915602278503e-16, -0.9396926207859084, -2.3015831204557005e-16, 0.9396926207859084, 3.452374680683551e-16, -0.9396926207859084, -4.603166240911401e-16, 0.9396926207859084, 5.753957801139252e-16, -0.9396926207859084, -6.904749361367102e-16, 0.9396926207859084, 8.055540921594952e-16, -0.9396926207859084, -9.206332481822802e-16, 0.9396926207859084, 1.0357124042050652e-15, -0.9396926207859084, -1.1507915602278505e-15], [0.0, 3.452374680683551e-16, 4.227939602156476e-32, -3.452374680683551e-16, -8.455879204312952e-32, 3.452374680683551e-16, 1.2683818806469426e-31, -3.452374680683551e-16, -1.6911758408625904e-31, 3.452374680683551e-16, 2.1139698010782382e-31, -3.452374680683551e-16, -2.536763761293885e-31, 3.452374680683551e-16, 2.959557721509533e-31, -3.452374680683551e-16, -3.382351681725181e-31, 3.452374680683551e-16, 3.8051456419408286e-31, -3.452374680683551e-16, -4.2279396021564765e-31], [-0.0, -0.9396926207859084, -1.1507915602278503e-16, 0.9396926207859084, 2.3015831204557005e-16, -0.9396926207859084, -3.452374680683551e-16, 0.9396926207859084, 4.603166240911401e-16, -0.9396926207859084, -5.753957801139252e-16, 0.9396926207859084, 6.904749361367102e-16, -0.9396926207859084, -8.055540921594952e-16, 0.9396926207859084, 9.206332481822802e-16, -0.9396926207859084, -1.0357124042050652e-15, 0.9396926207859084, 1.1507915602278505e-15], [-0.0, -4.603166240911401e-16, -5.637252802875302e-32, 4.603166240911401e-16, 1.1274505605750603e-31, -4.603166240911401e-16, -1.6911758408625904e-31, 4.603166240911401e-16, 2.2549011211501207e-31, -4.603166240911401e-16, -2.8186264014376514e-31, 4.603166240911401e-16, 3.382351681725181e-31, -4.603166240911401e-16, -3.9460769620127115e-31, 4.603166240911401e-16, 4.509802242300241e-31, -4.603166240911401e-16, -5.073527522587771e-31, 4.603166240911401e-16, 5.637252802875303e-31], [0.0, 0.9396926207859084, 1.1507915602278503e-16, -0.9396926207859084, -2.3015831204557005e-16, 0.9396926207859084, 3.452374680683551e-16, -0.9396926207859084, -4.603166240911401e-16, 0.9396926207859084, 5.753957801139252e-16, -0.9396926207859084, -6.904749361367102e-16, 0.9396926207859084, 8.055540921594952e-16, -0.9396926207859084, -9.206332481822802e-16, 0.9396926207859084, 1.0357124042050652e-15, -0.9396926207859084, -1.1507915602278505e-15], [0.0, 5.753957801139252e-16, 7.046566003594129e-32, -5.753957801139252e-16, -1.4093132007188257e-31, 5.753957801139252e-16, 2.1139698010782382e-31, -5.753957801139252e-16, -2.8186264014376514e-31, 5.753957801139252e-16, 3.523283001797064e-31, -5.753957801139252e-16, -4.2279396021564765e-31, 5.753957801139252e-16, 4.932596202515889e-31, -5.753957801139252e-16, -5.637252802875303e-31, 5.753957801139252e-16, 6.341909403234715e-31, -5.753957801139252e-16, -7.046566003594128e-31], [-0.0, -0.9396926207859084, -1.1507915602278503e-16, 0.9396926207859084, 2.3015831204557005e-16, -0.9396926207859084, -3.452374680683551e-16, 0.9396926207859084, 4.603166240911401e-16, -0.9396926207859084, -5.753957801139252e-16, 0.9396926207859084, 6.904749361367102e-16, -0.9396926207859084, -8.055540921594952e-16, 0.9396926207859084, 9.206332481822802e-16, -0.9396926207859084, -1.0357124042050652e-15, 0.9396926207859084, 1.1507915602278505e-15], [-0.0, -6.904749361367102e-16, -8.455879204312952e-32, 6.904749361367102e-16, 1.6911758408625904e-31, -6.904749361367102e-16, -2.536763761293885e-31, 6.904749361367102e-16, 3.382351681725181e-31, -6.904749361367102e-16, -4.2279396021564765e-31, 6.904749361367102e-16, 5.07352752258777e-31, -6.904749361367102e-16, -5.919115443019066e-31, 6.904749361367102e-16, 6.764703363450362e-31, -6.904749361367102e-16, -7.610291283881657e-31, 6.904749361367102e-16, 8.455879204312953e-31], [0.0, 0.9396926207859084, 1.1507915602278503e-16, -0.9396926207859084, -2.3015831204557005e-16, 0.9396926207859084, 3.452374680683551e-16, -0.9396926207859084, -4.603166240911401e-16, 0.9396926207859084, 5.753957801139252e-16, -0.9396926207859084, -6.904749361367102e-16, 0.9396926207859084, 8.055540921594952e-16, -0.9396926207859084, -9.206332481822802e-16, 0.9396926207859084, 1.0357124042050652e-15, -0.9396926207859084, -1.1507915602278505e-15], [0.0, 8.055540921594952e-16, 9.865192405031779e-32, -8.055540921594952e-16, -1.9730384810063558e-31, 8.055540921594952e-16, 2.959557721509533e-31, -8.055540921594952e-16, -3.9460769620127115e-31, 8.055540921594952e-16, 4.932596202515889e-31, -8.055540921594952e-16, -5.919115443019066e-31, 8.055540921594952e-16, 6.9056346835222445e-31, -8.055540921594952e-16, -7.892153924025423e-31, 8.055540921594952e-16, 8.8786731645286e-31, -8.055540921594952e-16, -9.865192405031778e-31], [-0.0, -0.9396926207859084, -1.1507915602278503e-16, 0.9396926207859084, 2.3015831204557005e-16, -0.9396926207859084, -3.452374680683551e-16, 0.9396926207859084, 4.603166240911401e-16, -0.9396926207859084, -5.753957801139252e-16, 0.9396926207859084, 6.904749361367102e-16, -0.9396926207859084, -8.055540921594952e-16, 0.9396926207859084, 9.206332481822802e-16, -0.9396926207859084, -1.0357124042050652e-15, 0.9396926207859084, 1.1507915602278505e-15], [-0.0, -9.206332481822802e-16, -1.1274505605750603e-31, 9.206332481822802e-16, 2.2549011211501207e-31, -9.206332481822802e-16, -3.382351681725181e-31, 9.206332481822802e-16, 4.509802242300241e-31, -9.206332481822802e-16, -5.637252802875303e-31, 9.206332481822802e-16, 6.764703363450362e-31, -9.206332481822802e-16, -7.892153924025423e-31, 9.206332481822802e-16, 9.019604484600483e-31, -9.206332481822802e-16, -1.0147055045175542e-30, 9.206332481822802e-16, 1.1274505605750606e-30], [0.0, 0.9396926207859084, 1.1507915602278503e-16, -0.9396926207859084, -2.3015831204557005e-16, 0.9396926207859084, 3.452374680683551e-16, -0.9396926207859084, -4.603166240911401e-16, 0.9396926207859084, 5.753957801139252e-16, -0.9396926207859084, -6.904749361367102e-16, 0.9396926207859084, 8.055540921594952e-16, -0.9396926207859084, -9.206332481822802e-16, 0.9396926207859084, 1.0357124042050652e-15, -0.9396926207859084, -1.1507915602278505e-15], [0.0, 1.0357124042050652e-15, 1.2683818806469428e-31, -1.0357124042050652e-15, -2.5367637612938856e-31, 1.0357124042050652e-15, 3.8051456419408286e-31, -1.0357124042050652e-15, -5.073527522587771e-31, 1.0357124042050652e-15, 6.341909403234715e-31, -1.0357124042050652e-15, -7.610291283881657e-31, 1.0357124042050652e-15, 8.8786731645286e-31, -1.0357124042050652e-15, -1.0147055045175542e-30, 1.0357124042050652e-15, 1.1415436925822487e-30, -1.0357124042050652e-15, -1.268381880646943e-30], [-0.0, -0.9396926207859084, -1.1507915602278503e-16, 0.9396926207859084, 2.3015831204557005e-16, -0.9396926207859084, -3.452374680683551e-16, 0.9396926207859084, 4.603166240911401e-16, -0.9396926207859084, -5.753957801139252e-16, 0.9396926207859084, 6.904749361367102e-16, -0.9396926207859084, -8.055540921594952e-16, 0.9396926207859084, 9.206332481822802e-16, -0.9396926207859084, -1.0357124042050652e-15, 0.9396926207859084, 1.1507915602278505e-15], [-0.0, -1.1507915602278505e-15, -1.4093132007188257e-31, 1.1507915602278505e-15, 2.8186264014376514e-31, -1.1507915602278505e-15, -4.2279396021564765e-31, 1.1507915602278505e-15, 5.637252802875303e-31, -1.1507915602278505e-15, -7.046566003594128e-31, 1.1507915602278505e-15, 8.455879204312953e-31, -1.1507915602278505e-15, -9.865192405031778e-31, 1.1507915602278505e-15, 1.1274505605750606e-30, -1.1507915602278505e-15, -1.268381880646943e-30, 1.1507915602278505e-15, 1.4093132007188257e-30]], [[0.0, 0.0, 0.0, -0.0, -0.0, 0.0, 0.0, -0.0, -0.0, 0.0, 0.0, -0.0, -0.0, 0.0, 0.0, -0.0, -0.0, 0.0, 0.0, -0.0, -0.0], [0.0, 0.766044443118978, 9.381338752702731e-17, -0.766044443118978, -1.8762677505405462e-16, 0.766044443118978, 2.814401625810819e-16, -0.766044443118978, -3.7525355010810923e-16, 0.766044443118978, 4.690669376351366e-16, -0.766044443118978, -5.628803251621638e-16, 0.766044443118978, 6.566937126891912e-16, -0.766044443118978, -7.505071002162185e-16, 0.766044443118978, 8.443204877432458e-16, -0.766044443118978, -9.381338752702732e-16], [0.0, 9.381338752702731e-17, 1.1488826475214422e-32, -9.381338752702731e-17, -2.2977652950428844e-32, 9.381338752702731e-17, 3.4466479425643266e-32, -9.381338752702731e-17, -4.595530590085769e-32, 9.381338752702731e-17, 5.744413237607212e-32, -9.381338752702731e-17, -6.893295885128653e-32, 9.381338752702731e-17, 8.042178532650096e-32, -9.381338752702731e-17, -9.191061180171538e-32, 9.381338752702731e-17, 1.033994382769298e-31, -9.381338752702731e-17, -1.1488826475214423e-31], [-0.0, -0.766044443118978, -9.381338752702731e-17, 0.766044443118978, 1.8762677505405462e-16, -0.766044443118978, -2.814401625810819e-16, 0.766044443118978, 3.7525355010810923e-16, -0.766044443118978, -4.690669376351366e-16, 0.766044443118978, 5.628803251621638e-16, -0.766044443118978, -6.566937126891912e-16, 0.766044443118978, 7.505071002162185e-16, -0.766044443118978, -8.443204877432458e-16, 0.766044443118978, 9.381338752702732e-16], [-0.0, -1.8762677505405462e-16, -2.2977652950428844e-32, 1.8762677505405462e-16, 4.595530590085769e-32, -1.8762677505405462e-16, -6.893295885128653e-32, 1.8762677505405462e-16, 9.191061180171538e-32, -1.8762677505405462e-16, -1.1488826475214423e-31, 1.8762677505405462e-16, 1.3786591770257306e-31, -1.8762677505405462e-16, -1.6084357065300192e-31, 1.8762677505405462e-16, 1.8382122360343075e-31, -1.8762677505405462e-16, -2.067988765538596e-31, 1.8762677505405462e-16, 2.2977652950428846e-31], [0.0, 0.766044443118978, 9.381338752702731e-17, -0.766044443118978, -1.8762677505405462e-16, 0.766044443118978, 2.814401625810819e-16, -0.766044443118978, -3.7525355010810923e-16, 0.766044443118978, 4.690669376351366e-16, -0.766044443118978, -5.628803251621638e-16, 0.766044443118978, 6.566937126891912e-16, -0.766044443118978, -7.505071002162185e-16, 0.766044443118978, 8.443204877432458e-16, -0.766044443118978, -9.381338752702732e-16], [0.0, 2.814401625810819e-16, 3.4466479425643266e-32, -2.814401625810819e-16, -6.893295885128653e-32, 2.814401625810819e-16, 1.0339943827692978e-31, -2.814401625810819e-16, -1.3786591770257306e-31, 2.814401625810819e-16, 1.7233239712821635e-31, -2.814401625810819e-16, -2.0679887655385956e-31, 2.814401625810819e-16, 2.4126535597950285e-31, -2.814401625810819e-16, -2.7573183540514613e-31, 2.814401625810819e-16, 3.101983148307894e-31, -2.814401625810819e-16, -3.446647942564327e-31], [-0.0, -0.766044443118978, -9.381338752702731e-17, 0.766044443118978, 1.8762677505405462e-16, -0.766044443118978, -2.814401625810819e-16, 0.766044443118978, 3.7525355010810923e-16, -0.766044443118978, -4.690669376351366e-16, 0.766044443118978, 5.628803251621638e-16, -0.766044443118978, -6.566937126891912e-16, 0.766044443118978, 7.505071002162185e-16, -0.766044443118978, -8.443204877432458e-16, 0.766044443118978, 9.381338752702732e-16], [-0.0, -3.7525355010810923e-16, -4.595530590085769e-32, 3.7525355010810923e-16, 9.191061180171538e-32, -3.7525355010810923e-16, -1.3786591770257306e-31, 3.7525355010810923e-16, 1.8382122360343075e-31, -3.7525355010810923e-16, -2.2977652950428846e-31, 3.7525355010810923e-16, 2.7573183540514613e-31, -3.7525355010810923e-16, -3.2168714130600384e-31, 3.7525355010810923e-16, 3.676424472068615e-31, -3.7525355010810923e-16, -4.135977531077192e-31, 3.7525355010810923e-16, 4.595530590085769e-31], [0.0, 0.766044443118978, 9.381338752702731e-17, -0.766044443118978, -1.8762677505405462e-16, 0.766044443118978, 2.814401625810819e-16, -0.766044443118978, -3.7525355010810923e-16, 0.766044443118978, 4.690669376351366e-16, -0.766044443118978, -5.628803251621638e-16, 0.766044443118978, 6.566937126891912e-16, -0.766044443118978, -7.505071002162185e-16, 0.766044443118978, 8.443204877432458e-16, -0.766044443118978, -9.381338752702732e-16], [0.0, 4.690669376351366e-16, 5.744413237607212e-32, -4.690669376351366e-16, -1.1488826475214423e-31, 4.690669376351366e-16, 1.7233239712821635e-31, -4.690669376351366e-16, -2.2977652950428846e-31, 4.690669376351366e-16, 2.872206618803606e-31, -4.690669376351366e-16, -3.446647942564327e-31, 4.690669376351366e-16, 4.021089266325048e-31, -4.690669376351366e-16, -4.595530590085769e-31, 4.690669376351366e-16, 5.16997191384649e-31, -4.690669376351366e-16, -5.744413237607212e-31], [-0.0, -0.766044443118978, -9.381338752702731e-17, 0.766044443118978, 1.8762677505405462e-16, -0.766044443118978, -2.814401625810819e-16, 0.766044443118978, 3.7525355010810923e-16, -0.766044443118978, -4.690669376351366e-16, 0.766044443118978, 5.628803251621638e-16, -0.766044443118978, -6.566937126891912e-16, 0.766044443118978, 7.505071002162185e-16, -0.766044443118978, -8.443204877432458e-16, 0.766044443118978, 9.381338752702732e-16], [-0.0, -5.628803251621638e-16, -6.893295885128653e-32, 5.628803251621638e-16, 1.3786591770257306e-31, -5.628803251621638e-16, -2.0679887655385956e-31, 5.628803251621638e-16, 2.7573183540514613e-31, -5.628803251621638e-16, -3.446647942564327e-31, 5.628803251621638e-16, 4.135977531077191e-31, -5.628803251621638e-16, -4.825307119590057e-31, 5.628803251621638e-16, 5.514636708102923e-31, -5.628803251621638e-16, -6.203966296615788e-31, 5.628803251621638e-16, 6.893295885128654e-31], [0.0, 0.766044443118978, 9.381338752702731e-17, -0.766044443118978, -1.8762677505405462e-16, 0.766044443118978, 2.814401625810819e-16, -0.766044443118978, -3.7525355010810923e-16, 0.766044443118978, 4.690669376351366e-16, -0.766044443118978, -5.628803251621638e-16, 0.766044443118978, 6.566937126891912e-16, -0.766044443118978, -7.505071002162185e-16, 0.766044443118978, 8.443204877432458e-16, -0.766044443118978, -9.381338752702732e-16], [0.0, 6.566937126891912e-16, 8.042178532650096e-32, -6.566937126891912e-16, -1.6084357065300192e-31, 6.566937126891912e-16, 2.4126535597950285e-31, -6.566937126891912e-16, -3.2168714130600384e-31, 6.566937126891912e-16, 4.021089266325048e-31, -6.566937126891912e-16, -4.825307119590057e-31, 6.566937126891912e-16, 5.629524972855066e-31, -6.566937126891912e-16, -6.433742826120077e-31, 6.566937126891912e-16, 7.237960679385086e-31, -6.566937126891912e-16, -8.042178532650097e-31], [-0.0, -0.766044443118978, -9.381338752702731e-17, 0.766044443118978, 1.8762677505405462e-16, -0.766044443118978, -2.814401625810819e-16, 0.766044443118978, 3.7525355010810923e-16, -0.766044443118978, -4.690669376351366e-16, 0.766044443118978, 5.628803251621638e-16, -0.766044443118978, -6.566937126891912e-16, 0.766044443118978, 7.505071002162185e-16, -0.766044443118978, -8.443204877432458e-16, 0.766044443118978, 9.381338752702732e-16], [-0.0, -7.505071002162185e-16, -9.191061180171538e-32, 7.505071002162185e-16, 1.8382122360343075e-31, -7.505071002162185e-16, -2.7573183540514613e-31, 7.505071002162185e-16, 3.676424472068615e-31, -7.505071002162185e-16, -4.595530590085769e-31, 7.505071002162185e-16, 5.514636708102923e-31, -7.505071002162185e-16, -6.433742826120077e-31, 7.505071002162185e-16, 7.35284894413723e-31, -7.505071002162185e-16, -8.271955062154384e-31, 7.505071002162185e-16, 9.191061180171539e-31], [0.0, 0.766044443118978, 9.381338752702731e-17, -0.766044443118978, -1.8762677505405462e-16, 0.766044443118978, 2.814401625810819e-16, -0.766044443118978, -3.7525355010810923e-16, 0.766044443118978, 4.690669376351366e-16, -0.766044443118978, -5.628803251621638e-16, 0.766044443118978, 6.566937126891912e-16, -0.766044443118978, -7.505071002162185e-16, 0.766044443118978, 8.443204877432458e-16, -0.766044443118978, -9.381338752702732e-16], [0.0, 8.443204877432458e-16, 1.033994382769298e-31, -8.443204877432458e-16, -2.067988765538596e-31, 8.443204877432458e-16, 3.101983148307894e-31, -8.443204877432458e-16, -4.135977531077192e-31, 8.443204877432458e-16, 5.16997191384649e-31, -8.443204877432458e-16, -6.203966296615788e-31, 8.443204877432458e-16, 7.237960679385086e-31, -8.443204877432458e-16, -8.271955062154384e-31, 8.443204877432458e-16, 9.305949444923683e-31, -8.443204877432458e-16, -1.033994382769298e-30], [-0.0, -0.766044443118978, -9.381338752702731e-17, 0.766044443118978, 1.8762677505405462e-16, -0.766044443118978, -2.814401625810819e-16, 0.766044443118978, 3.7525355010810923e-16, -0.766044443118978, -4.690669376351366e-16, 0.766044443118978, 5.628803251621638e-16, -0.766044443118978, -6.566937126891912e-16, 0.766044443118978, 7.505071002162185e-16, -0.766044443118978, -8.443204877432458e-16, 0.766044443118978, 9.381338752702732e-16], [-0.0, -9.381338752702732e-16, -1.1488826475214423e-31, 9.381338752702732e-16, 2.2977652950428846e-31, -9.381338752702732e-16, -3.446647942564327e-31, 9.381338752702732e-16, 4.595530590085769e-31, -9.381338752702732e-16, -5.744413237607212e-31, 9.381338752702732e-16, 6.893295885128654e-31, -9.381338752702732e-16, -8.042178532650097e-31, 9.381338752702732e-16, 9.191061180171539e-31, -9.381338752702732e-16, -1.033994382769298e-30, 9.381338752702732e-16, 1.1488826475214424e-30]], [[0.0, 0.0, 0.0, -0.0, -0.0, 0.0, 0.0, -0.0, -0.0, 0.0, 0.0, -0.0, -0.0, 0.0, 0.0, -0.0, -0.0, 0.0, 0.0, -0.0, -0.0], [0.0, 0.5000000000000001, 6.123233995736767e-17, -0.5000000000000001, -1.2246467991473535e-16, 0.5000000000000001, 1.8369701987210302e-16, -0.5000000000000001, -2.449293598294707e-16, 0.5000000000000001, 3.0616169978683836e-16, -0.5000000000000001, -3.6739403974420604e-16, 0.5000000000000001, 4.286263797015737e-16, -0.5000000000000001, -4.898587196589414e-16, 0.5000000000000001, 5.510910596163091e-16, -0.5000000000000001, -6.123233995736767e-16], [0.0, 6.123233995736767e-17, 7.49879891330929e-33, -6.123233995736767e-17, -1.499759782661858e-32, 6.123233995736767e-17, 2.249639673992787e-32, -6.123233995736767e-17, -2.999519565323716e-32, 6.123233995736767e-17, 3.7493994566546457e-32, -6.123233995736767e-17, -4.499279347985574e-32, 6.123233995736767e-17, 5.249159239316503e-32, -6.123233995736767e-17, -5.999039130647432e-32, 6.123233995736767e-17, 6.74891902197836e-32, -6.123233995736767e-17, -7.498798913309291e-32], [-0.0, -0.5000000000000001, -6.123233995736767e-17, 0.5000000000000001, 1.2246467991473535e-16, -0.5000000000000001, -1.8369701987210302e-16, 0.5000000000000001, 2.449293598294707e-16, -0.5000000000000001, -3.0616169978683836e-16, 0.5000000000000001, 3.6739403974420604e-16, -0.5000000000000001, -4.286263797015737e-16, 0.5000000000000001, 4.898587196589414e-16, -0.5000000000000001, -5.510910596163091e-16, 0.5000000000000001, 6.123233995736767e-16], [-0.0, -1.2246467991473535e-16, -1.499759782661858e-32, 1.2246467991473535e-16, 2.999519565323716e-32, -1.2246467991473535e-16, -4.499279347985574e-32, 1.2246467991473535e-16, 5.999039130647432e-32, -1.2246467991473535e-16, -7.498798913309291e-32, 1.2246467991473535e-16, 8.998558695971148e-32, -1.2246467991473535e-16, -1.0498318478633005e-31, 1.2246467991473535e-16, 1.1998078261294863e-31, -1.2246467991473535e-16, -1.349783804395672e-31, 1.2246467991473535e-16, 1.4997597826618583e-31], [0.0, 0.5000000000000001, 6.123233995736767e-17, -0.5000000000000001, -1.2246467991473535e-16, 0.5000000000000001, 1.8369701987210302e-16, -0.5000000000000001, -2.449293598294707e-16, 0.5000000000000001, 3.0616169978683836e-16, -0.5000000000000001, -3.6739403974420604e-16, 0.5000000000000001, 4.286263797015737e-16, -0.5000000000000001, -4.898587196589414e-16, 0.5000000000000001, 5.510910596163091e-16, -0.5000000000000001, -6.123233995736767e-16], [0.0, 1.8369701987210302e-16, 2.249639673992787e-32, -1.8369701987210302e-16, -4.499279347985574e-32, 1.8369701987210302e-16, 6.748919021978359e-32, -1.8369701987210302e-16, -8.998558695971148e-32, 1.8369701987210302e-16, 1.1248198369963935e-31, -1.8369701987210302e-16, -1.3497838043956718e-31, 1.8369701987210302e-16, 1.5747477717949508e-31, -1.8369701987210302e-16, -1.7997117391942296e-31, 1.8369701987210302e-16, 2.0246757065935083e-31, -1.8369701987210302e-16, -2.249639673992787e-31], [-0.0, -0.5000000000000001, -6.123233995736767e-17, 0.5000000000000001, 1.2246467991473535e-16, -0.5000000000000001, -1.8369701987210302e-16, 0.5000000000000001, 2.449293598294707e-16, -0.5000000000000001, -3.0616169978683836e-16, 0.5000000000000001, 3.6739403974420604e-16, -0.5000000000000001, -4.286263797015737e-16, 0.5000000000000001, 4.898587196589414e-16, -0.5000000000000001, -5.510910596163091e-16, 0.5000000000000001, 6.123233995736767e-16], [-0.0, -2.449293598294707e-16, -2.999519565323716e-32, 2.449293598294707e-16, 5.999039130647432e-32, -2.449293598294707e-16, -8.998558695971148e-32, 2.449293598294707e-16, 1.1998078261294863e-31, -2.449293598294707e-16, -1.4997597826618583e-31, 2.449293598294707e-16, 1.7997117391942296e-31, -2.449293598294707e-16, -2.099663695726601e-31, 2.449293598294707e-16, 2.3996156522589726e-31, -2.449293598294707e-16, -2.699567608791344e-31, 2.449293598294707e-16, 2.9995195653237165e-31], [0.0, 0.5000000000000001, 6.123233995736767e-17, -0.5000000000000001, -1.2246467991473535e-16, 0.5000000000000001, 1.8369701987210302e-16, -0.5000000000000001, -2.449293598294707e-16, 0.5000000000000001, 3.0616169978683836e-16, -0.5000000000000001, -3.6739403974420604e-16, 0.5000000000000001, 4.286263797015737e-16, -0.5000000000000001, -4.898587196589414e-16, 0.5000000000000001, 5.510910596163091e-16, -0.5000000000000001, -6.123233995736767e-16], [0.0, 3.0616169978683836e-16, 3.7493994566546457e-32, -3.0616169978683836e-16, -7.498798913309291e-32, 3.0616169978683836e-16, 1.1248198369963935e-31, -3.0616169978683836e-16, -1.4997597826618583e-31, 3.0616169978683836e-16, 1.8746997283273228e-31, -3.0616169978683836e-16, -2.249639673992787e-31, 3.0616169978683836e-16, 2.6245796196582514e-31, -3.0616169978683836e-16, -2.9995195653237165e-31, 3.0616169978683836e-16, 3.374459510989181e-31, -3.0616169978683836e-16, -3.7493994566546456e-31], [-0.0, -0.5000000000000001, -6.123233995736767e-17, 0.5000000000000001, 1.2246467991473535e-16, -0.5000000000000001, -1.8369701987210302e-16, 0.5000000000000001, 2.449293598294707e-16, -0.5000000000000001, -3.0616169978683836e-16, 0.5000000000000001, 3.6739403974420604e-16, -0.5000000000000001, -4.286263797015737e-16, 0.5000000000000001, 4.898587196589414e-16, -0.5000000000000001, -5.510910596163091e-16, 0.5000000000000001, 6.123233995736767e-16], [-0.0, -3.6739403974420604e-16, -4.499279347985574e-32, 3.6739403974420604e-16, 8.998558695971148e-32, -3.6739403974420604e-16, -1.3497838043956718e-31, 3.6739403974420604e-16, 1.7997117391942296e-31, -3.6739403974420604e-16, -2.249639673992787e-31, 3.6739403974420604e-16, 2.6995676087913437e-31, -3.6739403974420604e-16, -3.1494955435899016e-31, 3.6739403974420604e-16, 3.599423478388459e-31, -3.6739403974420604e-16, -4.049351413187017e-31, 3.6739403974420604e-16, 4.499279347985574e-31], [0.0, 0.5000000000000001, 6.123233995736767e-17, -0.5000000000000001, -1.2246467991473535e-16, 0.5000000000000001, 1.8369701987210302e-16, -0.5000000000000001, -2.449293598294707e-16, 0.5000000000000001, 3.0616169978683836e-16, -0.5000000000000001, -3.6739403974420604e-16, 0.5000000000000001, 4.286263797015737e-16, -0.5000000000000001, -4.898587196589414e-16, 0.5000000000000001, 5.510910596163091e-16, -0.5000000000000001, -6.123233995736767e-16], [0.0, 4.286263797015737e-16, 5.249159239316503e-32, -4.286263797015737e-16, -1.0498318478633005e-31, 4.286263797015737e-16, 1.5747477717949508e-31, -4.286263797015737e-16, -2.099663695726601e-31, 4.286263797015737e-16, 2.6245796196582514e-31, -4.286263797015737e-16, -3.1494955435899016e-31, 4.286263797015737e-16, 3.674411467521552e-31, -4.286263797015737e-16, -4.199327391453202e-31, 4.286263797015737e-16, 4.7242433153848524e-31, -4.286263797015737e-16, -5.249159239316503e-31], [-0.0, -0.5000000000000001, -6.123233995736767e-17, 0.5000000000000001, 1.2246467991473535e-16, -0.5000000000000001, -1.8369701987210302e-16, 0.5000000000000001, 2.449293598294707e-16, -0.5000000000000001, -3.0616169978683836e-16, 0.5000000000000001, 3.6739403974420604e-16, -0.5000000000000001, -4.286263797015737e-16, 0.5000000000000001, 4.898587196589414e-16, -0.5000000000000001, -5.510910596163091e-16, 0.5000000000000001, 6.123233995736767e-16], [-0.0, -4.898587196589414e-16, -5.999039130647432e-32, 4.898587196589414e-16, 1.1998078261294863e-31, -4.898587196589414e-16, -1.7997117391942296e-31, 4.898587196589414e-16, 2.3996156522589726e-31, -4.898587196589414e-16, -2.9995195653237165e-31, 4.898587196589414e-16, 3.599423478388459e-31, -4.898587196589414e-16, -4.199327391453202e-31, 4.898587196589414e-16, 4.799231304517945e-31, -4.898587196589414e-16, -5.399135217582688e-31, 4.898587196589414e-16, 5.999039130647433e-31], [0.0, 0.5000000000000001, 6.123233995736767e-17, -0.5000000000000001, -1.2246467991473535e-16, 0.5000000000000001, 1.8369701987210302e-16, -0.5000000000000001, -2.449293598294707e-16, 0.5000000000000001, 3.0616169978683836e-16, -0.5000000000000001, -3.6739403974420604e-16, 0.5000000000000001, 4.286263797015737e-16, -0.5000000000000001, -4.898587196589414e-16, 0.5000000000000001, 5.510910596163091e-16, -0.5000000000000001, -6.123233995736767e-16], [0.0, 5.510910596163091e-16, 6.74891902197836e-32, -5.510910596163091e-16, -1.349783804395672e-31, 5.510910596163091e-16, 2.0246757065935083e-31, -5.510910596163091e-16, -2.699567608791344e-31, 5.510910596163091e-16, 3.374459510989181e-31, -5.510910596163091e-16, -4.049351413187017e-31, 5.510910596163091e-16, 4.7242433153848524e-31, -5.510910596163091e-16, -5.399135217582688e-31, 5.510910596163091e-16, 6.074027119780526e-31, -5.510910596163091e-16, -6.748919021978362e-31], [-0.0, -0.5000000000000001, -6.123233995736767e-17, 0.5000000000000001, 1.2246467991473535e-16, -0.5000000000000001, -1.8369701987210302e-16, 0.5000000000000001, 2.449293598294707e-16, -0.5000000000000001, -3.0616169978683836e-16, 0.5000000000000001, 3.6739403974420604e-16, -0.5000000000000001, -4.286263797015737e-16, 0.5000000000000001, 4.898587196589414e-16, -0.5000000000000001, -5.510910596163091e-16, 0.5000000000000001, 6.123233995736767e-16], [-0.0, -6.123233995736767e-16, -7.498798913309291e-32, 6.123233995736767e-16, 1.4997597826618583e-31, -6.123233995736767e-16, -2.249639673992787e-31, 6.123233995736767e-16, 2.9995195653237165e-31, -6.123233995736767e-16, -3.7493994566546456e-31, 6.123233995736767e-16, 4.499279347985574e-31, -6.123233995736767e-16, -5.249159239316503e-31, 6.123233995736767e-16, 5.999039130647433e-31, -6.123233995736767e-16, -6.748919021978362e-31, 6.123233995736767e-16, 7.498798913309291e-31]], [[0.0, 0.0, 0.0, -0.0, -0.0, 0.0, 0.0, -0.0, -0.0, 0.0, 0.0, -0.0, -0.0, 0.0, 0.0, -0.0, -0.0, 0.0, 0.0, -0.0, -0.0], [0.0, 0.17364817766693041, 2.1265768495757722e-17, -0.17364817766693041, -4.2531536991515444e-17, 0.17364817766693041, 6.379730548727317e-17, -0.17364817766693041, -8.506307398303089e-17, 0.17364817766693041, 1.0632884247878862e-16, -0.17364817766693041, -1.2759461097454634e-16, 0.17364817766693041, 1.4886037947030406e-16, -0.17364817766693041, -1.7012614796606178e-16, 0.17364817766693041, 1.9139191646181952e-16, -0.17364817766693041, -2.1265768495757724e-16], [0.0, 2.1265768495757722e-17, 2.604305531973832e-33, -2.1265768495757722e-17, -5.208611063947664e-33, 2.1265768495757722e-17, 7.812916595921495e-33, -2.1265768495757722e-17, -1.0417222127895328e-32, 2.1265768495757722e-17, 1.302152765986916e-32, -2.1265768495757722e-17, -1.562583319184299e-32, 2.1265768495757722e-17, 1.8230138723816823e-32, -2.1265768495757722e-17, -2.0834444255790655e-32, 2.1265768495757722e-17, 2.3438749787764488e-32, -2.1265768495757722e-17, -2.604305531973832e-32], [-0.0, -0.17364817766693041, -2.1265768495757722e-17, 0.17364817766693041, 4.2531536991515444e-17, -0.17364817766693041, -6.379730548727317e-17, 0.17364817766693041, 8.506307398303089e-17, -0.17364817766693041, -1.0632884247878862e-16, 0.17364817766693041, 1.2759461097454634e-16, -0.17364817766693041, -1.4886037947030406e-16, 0.17364817766693041, 1.7012614796606178e-16, -0.17364817766693041, -1.9139191646181952e-16, 0.17364817766693041, 2.1265768495757724e-16], [-0.0, -4.2531536991515444e-17, -5.208611063947664e-33, 4.2531536991515444e-17, 1.0417222127895328e-32, -4.2531536991515444e-17, -1.562583319184299e-32, 4.2531536991515444e-17, 2.0834444255790655e-32, -4.2531536991515444e-17, -2.604305531973832e-32, 4.2531536991515444e-17, 3.125166638368598e-32, -4.2531536991515444e-17, -3.6460277447633646e-32, 4.2531536991515444e-17, 4.166888851158131e-32, -4.2531536991515444e-17, -4.6877499575528975e-32, 4.2531536991515444e-17, 5.208611063947665e-32], [0.0, 0.17364817766693041, 2.1265768495757722e-17, -0.17364817766693041, -4.2531536991515444e-17, 0.17364817766693041, 6.379730548727317e-17, -0.17364817766693041, -8.506307398303089e-17, 0.17364817766693041, 1.0632884247878862e-16, -0.17364817766693041, -1.2759461097454634e-16, 0.17364817766693041, 1.4886037947030406e-16, -0.17364817766693041, -1.7012614796606178e-16, 0.17364817766693041, 1.9139191646181952e-16, -0.17364817766693041, -2.1265768495757724e-16], [0.0, 6.379730548727317e-17, 7.812916595921495e-33, -6.379730548727317e-17, -1.562583319184299e-32, 6.379730548727317e-17, 2.3438749787764485e-32, -6.379730548727317e-17, -3.125166638368598e-32, 6.379730548727317e-17, 3.906458297960748e-32, -6.379730548727317e-17, -4.687749957552897e-32, 6.379730548727317e-17, 5.469041617145046e-32, -6.379730548727317e-17, -6.250333276737196e-32, 6.379730548727317e-17, 7.031624936329346e-32, -6.379730548727317e-17, -7.812916595921496e-32], [-0.0, -0.17364817766693041, -2.1265768495757722e-17, 0.17364817766693041, 4.2531536991515444e-17, -0.17364817766693041, -6.379730548727317e-17, 0.17364817766693041, 8.506307398303089e-17, -0.17364817766693041, -1.0632884247878862e-16, 0.17364817766693041, 1.2759461097454634e-16, -0.17364817766693041, -1.488